# mesh name: boxMesh_1
# primitive scorer name: betacount
# iX, iY, iZ, total(value) [percm2], total(val^2), entry
0,0,0,759999.9999999999,8199999999.999998,73
0,0,1,51249999.99999999,568099999999.9999,4899
0,0,2,45539999.99999999,506399999999.9999,4333
0,0,3,42239999.99999999,466599999999.9999,4039
0,0,4,39829999.99999999,435299999999.9999,3818
0,0,5,38149999.99999999,421099999999.9999,3644
0,0,6,37049999.99999999,416699999999.9999,3519
0,0,7,35889999.99999999,398899999999.9999,3421
0,0,8,35219999.99999999,395599999999.9999,3343
0,0,9,34019999.99999999,376799999999.9999,3257
0,0,10,33399999.99999999,372999999999.9999,3182
0,0,11,32749999.99999999,363699999999.9999,3119
0,0,12,32229999.99999999,356299999999.9999,3071
0,0,13,31749999.99999999,354499999999.9999,3019
0,0,14,31329999.99999999,351099999999.9999,2980
0,0,15,30759999.99999999,339399999999.9999,2939
0,0,16,30219999.99999999,332399999999.9999,2892
0,0,17,29949999.99999999,332299999999.9999,2857
0,0,18,29509999.99999999,328099999999.9999,2815
0,0,19,29079999.99999999,321799999999.9999,2780
0,0,20,28809999.99999999,319299999999.9999,2746
0,0,21,28499999.99999999,318399999999.9999,2713
0,0,22,28119999.99999999,311199999999.9999,2678
0,0,23,27689999.99999999,304299999999.9999,2648
0,0,24,27589999.99999999,309899999999.9999,2619
0,0,25,27269999.99999999,304899999999.9999,2590
0,0,26,27019999.99999999,304199999999.9999,2566
0,0,27,26719999.99999999,299199999999.9999,2543
0,0,28,26429999.99999999,293899999999.9999,2516
0,0,29,26339999.99999999,296199999999.9999,2493
0,0,30,26099999.99999999,294799999999.9999,2469
0,0,31,25810000,288499999999.9999,2447
0,0,32,25650000,289499999999.9999,2430
0,0,33,25250000,278499999999.9999,2409
0,0,34,25180000,279999999999.9999,2394
0,0,35,24950000,275699999999.9999,2379
0,0,36,24880000,275399999999.9999,2371
0,0,37,24660000,271799999999.9999,2354
0,0,38,24540000,272799999999.9999,2335
0,0,39,24250000,266899999999.9999,2317
0,0,40,24290000,272699999999.9999,2303
0,0,41,24190000,269899999999.9999,2295
0,0,42,24050000,270299999999.9999,2277
0,0,43,23750000,265099999999.9999,2255
0,0,44,23800000,269599999999.9999,2243
0,0,45,23560000,263799999999.9999,2231
0,0,46,23520000,266799999999.9999,2219
0,0,47,23340000,262599999999.9999,2209
0,0,48,23100000,258399999999.9999,2191
0,0,49,23070000,260099999999.9999,2186
0,0,50,22910000,256299999999.9999,2171
0,0,51,22840000,258199999999.9999,2159
0,0,52,22720000,255599999999.9999,2149
0,0,53,22540000,252399999999.9999,2137
0,0,54,22320000,249599999999.9999,2117
0,0,55,22120000,245999999999.9999,2100
0,0,56,21930000,242299999999.9999,2088
0,0,57,21950000,249699999999.9999,2074
0,0,58,21760000,241599999999.9999,2064
0,0,59,21700000,241999999999.9999,2055
0,0,60,21700000,246799999999.9999,2044
0,0,61,21510000,243099999999.9999,2030
0,0,62,21230000,235299999999.9999,2021
0,0,63,21160000,234399999999.9999,2010
0,0,64,21170000,239099999999.9999,2003
0,0,65,20990000,235299999999.9999,1988
0,0,66,20910000,234899999999.9999,1976
0,0,67,20660000,229399999999.9999,1965
0,0,68,20570000,229499999999.9999,1955
0,0,69,20560000,230399999999.9999,1948
0,0,70,20390000,226299999999.9999,1939
0,0,71,20310000,229099999999.9999,1928
0,0,72,20150000,224299999999.9999,1919
0,0,73,20140000,224199999999.9999,1915
0,0,74,19910000,222099999999.9999,1893
0,0,75,19740000,218199999999.9999,1885
0,0,76,19770000,220299999999.9999,1881
0,0,77,19720000,219999999999.9999,1876
0,0,78,19670000,219899999999.9999,1869
0,0,79,19590000,220099999999.9999,1858
0,0,80,19660000,225399999999.9999,1849
0,0,81,19560000,221799999999.9999,1842
0,0,82,19550000,225099999999.9999,1833
0,0,83,19330000,218899999999.9999,1823
0,0,84,19090000,213899999999.9999,1814
0,0,85,19020000,210399999999.9999,1809
0,0,86,18920000,211799999999.9999,1795
0,0,87,18750000,207699999999.9999,1786
0,0,88,18790000,211499999999.9999,1779
0,0,89,18720000,212399999999.9999,1770
0,0,90,18540000,207599999999.9999,1759
0,0,91,18420000,206199999999.9999,1748
0,0,92,18170000,197899999999.9999,1741
0,0,93,18000000,195799999999.9999,1729
0,0,94,17990000,198699999999.9999,1718
0,0,95,17930000,197299999999.9999,1712
0,0,96,17790000,194699999999.9999,1702
0,0,97,17740000,195999999999.9999,1694
0,0,98,17760000,199199999999.9999,1689
0,0,99,17660000,195399999999.9999,1683
0,0,100,17610000,194499999999.9999,1676
0,0,101,17460000,191999999999.9999,1666
0,0,102,17430000,195899999999.9999,1654
0,0,103,17380000,195399999999.9999,1645
0,0,104,17460000,199599999999.9999,1640
0,0,105,17360000,200799999999.9999,1633
0,0,106,17110000,192299999999.9999,1620
0,0,107,17020000,190199999999.9999,1613
0,0,108,16950000,189099999999.9999,1606
0,0,109,16830000,189899999999.9999,1594
0,0,110,16710000,187299999999.9999,1587
0,0,111,16660000,185399999999.9999,1584
0,0,112,16580000,185799999999.9999,1575
0,0,113,16370000,178899999999.9999,1567
0,0,114,16350000,181899999999.9999,1556
0,0,115,16270000,179699999999.9999,1555
0,0,116,16210000,176899999999.9999,1553
0,0,117,16260000,182799999999.9999,1546
0,0,118,16070000,176299999999.9999,1542
0,0,119,15930000,171499999999.9999,1535
0,0,120,15920000,174199999999.9999,1526
0,0,121,15830000,172499999999.9999,1520
0,0,122,15730000,169699999999.9999,1516
0,0,123,15710000,171299999999.9999,1508
0,0,124,15610000,167899999999.9999,1506
0,0,125,15570000,168499999999.9999,1499
0,0,126,15610000,170699999999.9999,1493
0,0,127,15550000,168499999999.9999,1492
0,0,128,15590000,172299999999.9999,1489
0,0,129,15510000,170099999999.9999,1482
0,0,130,15490000,172299999999.9999,1477
0,0,131,15520000,175199999999.9999,1475
0,0,132,15360000,170399999999.9999,1467
0,0,133,15360000,170999999999.9999,1464
0,0,134,15130000,162300000000,1460
0,0,135,15130000,166299999999.9999,1452
0,0,136,15060000,164599999999.9999,1447
0,0,137,15020000,162400000000,1445
0,0,138,15020000,164800000000,1437
0,0,139,14880000,162200000000,1428
0,0,140,14770000,159900000000,1424
0,0,141,14770000,159700000000,1422
0,0,142,14620000,157200000000,1413
0,0,143,14610000,157700000000,1407
0,0,144,14530000,158100000000,1397
0,0,145,14460000,159000000000,1391
0,0,146,14410000,156900000000,1386
0,0,147,14320000,158599999999.9999,1377
0,0,148,14310000,157900000000,1370
0,0,149,14100000,151600000000,1364
0,0,150,14070000,153100000000,1357
0,0,151,14040000,153200000000,1352
0,0,152,13870000,147700000000,1347
0,0,153,13950000,152300000000,1343
0,0,154,13850000,149700000000,1341
0,0,155,13760000,148800000000,1333
0,0,156,13750000,147300000000,1329
0,0,157,13590000,145500000000,1316
0,0,158,13570000,146900000000,1310
0,0,159,13520000,145800000000,1306
0,0,160,13550000,148700000000,1300
0,0,161,13490000,147300000000,1299
0,0,162,13430000,146700000000,1291
0,0,163,13350000,145900000000,1285
0,0,164,13280000,143400000000,1281
0,0,165,13150000,139700000000,1276
0,0,166,13070000,139700000000,1269
0,0,167,13090000,141100000000,1264
0,0,168,12990000,137900000000,1260
0,0,169,12920000,137400000000,1255
0,0,170,12950000,138500000000,1252
0,0,171,12960000,141400000000,1246
0,0,172,13000000,143600000000,1243
0,0,173,12960000,144200000000,1238
0,0,174,12850000,140300000000,1234
0,0,175,12790000,139500000000,1226
0,0,176,12720000,138000000000,1223
0,0,177,12710000,138300000000,1219
0,0,178,12640000,137400000000,1212
0,0,179,12570000,135500000000,1210
0,0,180,12490000,135500000000,1201
0,0,181,12440000,135400000000,1196
0,0,182,12370000,134900000000,1189
0,0,183,12310000,133900000000,1184
0,0,184,12350000,137300000000,1182
0,0,185,12310000,135100000000,1179
0,0,186,12220000,134000000000,1174
0,0,187,12220000,133800000000,1171
0,0,188,12110000,131100000000,1167
0,0,189,12070000,131100000000,1162
0,0,190,12000000,129000000000,1160
0,0,191,11990000,129300000000,1157
0,0,192,11910000,127700000000,1153
0,0,193,11890000,127500000000,1150
0,0,194,11860000,129400000000,1142
0,0,195,11780000,128200000000,1135
0,0,196,11760000,128200000000,1132
0,0,197,11760000,128800000000,1129
0,0,198,11790000,130700000000,1125
0,0,199,11730000,131300000000,1121
0,0,200,11680000,130400000000,1115
0,0,201,11610000,129300000000,1111
0,0,202,11460000,125000000000,1108
0,0,203,11370000,122500000000,1099
0,0,204,11360000,123200000000,1096
0,0,205,11330000,122500000000,1092
0,0,206,11360000,123400000000,1092
0,0,207,11300000,122400000000,1087
0,0,208,11170000,122100000000,1077
0,0,209,11120000,118600000000,1077
0,0,210,11100000,119400000000,1072
0,0,211,11050000,118300000000,1070
0,0,212,10980000,117400000000,1063
0,0,213,10910000,115900000000,1060
0,0,214,10900000,117000000000,1057
0,0,215,10800000,114200000000,1053
0,0,216,10750000,112700000000,1051
0,0,217,10740000,113000000000,1048
0,0,218,10760000,115000000000,1043
0,0,219,10610000,110700000000,1038
0,0,220,10680000,114000000000,1034
0,0,221,10630000,114100000000,1029
0,0,222,10430000,108300000000,1023
0,0,223,10450000,109300000000,1022
0,0,224,10430000,109100000000,1019
0,0,225,10460000,110600000000,1017
0,0,226,10470000,113900000000,1010
0,0,227,10270000,107900000000,1003
0,0,228,10260000,108000000000,1000
0,0,229,10360000,114000000000,996
0,0,230,10310000,114700000000,989
0,0,231,10240000,110000000000,989
0,0,232,10140000,107800000000,985
0,0,233,10090000,106300000000,982
0,0,234,10070000,107100000000,977
0,0,235,9989999.999999998,105700000000,973
0,0,236,9979999.999999998,105800000000,971
0,0,237,9989999.999999998,108100000000,965
0,0,238,9949999.999999998,107900000000,962
0,0,239,9829999.999999998,103900000000,957
0,0,240,9849999.999999998,105900000000,953
0,0,241,9849999.999999998,106100000000,951
0,0,242,9749999.999999998,102900000000,949
0,0,243,9729999.999999998,102900000000,946
0,0,244,9799999.999999998,106200000000,943
0,0,245,9669999.999999998,102700000000,941
0,0,246,9609999.999999998,101100000000,937
0,0,247,9599999.999999998,102000000000,934
0,0,248,9519999.999999998,100200000000,928
0,0,249,9529999.999999998,101700000000,925
0,0,250,9499999.999999998,101000000000,923
0,0,251,9429999.999999998,99899999999.99997,918
0,0,252,9439999.999999998,100400000000,918
0,0,253,9399999.999999998,99399999999.99997,914
0,0,254,9399999.999999998,100200000000,912
0,0,255,9369999.999999998,98699999999.99997,912
0,0,256,9389999.999999998,99699999999.99997,912
0,0,257,9409999.999999998,101100000000,908
0,0,258,9279999.999999998,98199999999.99997,903
0,0,259,9259999.999999998,98199999999.99997,901
0,0,260,9239999.999999998,98399999999.99997,899
0,0,261,9229999.999999998,99099999999.99997,897
0,0,262,9209999.999999998,98099999999.99997,893
0,0,263,9149999.999999998,97099999999.99997,889
0,0,264,9199999.999999998,99799999999.99997,886
0,0,265,9169999.999999998,100300000000,884
0,0,266,9109999.999999998,98299999999.99997,882
0,0,267,9099999.999999998,98599999999.99997,881
0,0,268,8939999.999999998,93599999999.99997,876
0,0,269,8909999.999999998,93099999999.99997,873
0,0,270,8909999.999999998,95699999999.99997,869
0,0,271,8979999.999999998,97599999999.99997,867
0,0,272,8909999.999999998,94099999999.99997,866
0,0,273,8869999.999999998,93899999999.99997,864
0,0,274,8769999.999999998,91299999999.99997,860
0,0,275,8769999.999999998,93099999999.99997,856
0,0,276,8689999.999999998,91499999999.99997,851
0,0,277,8689999.999999998,92299999999.99997,848
0,0,278,8629999.999999998,90299999999.99997,846
0,0,279,8569999.999999998,89299999999.99997,841
0,0,280,8559999.999999998,89599999999.99997,839
0,0,281,8479999.999999998,87799999999.99997,835
0,0,282,8459999.999999998,87399999999.99997,833
0,0,283,8469999.999999998,88899999999.99997,829
0,0,284,8339999.999999998,84999999999.99997,826
0,0,285,8299999.999999998,84999999999.99997,820
0,0,286,8279999.999999998,84799999999.99997,818
0,0,287,8259999.999999998,84399999999.99997,817
0,0,288,8249999.999999998,85899999999.99997,812
0,0,289,8239999.999999998,86799999999.99997,809
0,0,290,8209999.999999998,85499999999.99997,804
0,0,291,8149999.999999998,85499999999.99997,799
0,0,292,8059999.999999998,83599999999.99997,792
0,0,293,8069999.999999998,85499999999.99997,787
0,0,294,8019999.999999998,83799999999.99997,784
0,0,295,7989999.999999998,83299999999.99998,782
0,0,296,7999999.999999998,84799999999.99997,778
0,0,297,7989999.999999998,86499999999.99997,776
0,0,298,7969999.999999998,84499999999.99997,776
0,0,299,8009999.999999998,86299999999.99997,775
0,0,300,7969999.999999998,85299999999.99997,772
0,0,301,7959999.999999998,85399999999.99997,770
0,0,302,7989999.999999998,87099999999.99997,769
0,0,303,7959999.999999998,87199999999.99997,764
0,0,304,7949999.999999998,86899999999.99997,762
0,0,305,7819999.999999998,82999999999.99997,761
0,0,306,7759999.999999998,81399999999.99998,757
0,0,307,7739999.999999998,81199999999.99998,755
0,0,308,7699999.999999998,80599999999.99998,753
0,0,309,7699999.999999998,80799999999.99998,752
0,0,310,7699999.999999998,80999999999.99998,751
0,0,311,7709999.999999998,81699999999.99998,750
0,0,312,7669999.999999998,81299999999.99998,748
0,0,313,7639999.999999998,80999999999.99998,746
0,0,314,7649999.999999998,81299999999.99997,745
0,0,315,7609999.999999998,80899999999.99998,740
0,0,316,7549999.999999998,79699999999.99998,738
0,0,317,7469999.999999998,77299999999.99998,735
0,0,318,7469999.999999998,78299999999.99998,732
0,0,319,7509999.999999998,79699999999.99998,732
0,0,320,7489999.999999998,79099999999.99998,731
0,0,321,7509999.999999998,80499999999.99998,729
0,0,322,7489999.999999998,82299999999.99997,724
0,0,323,7429999.999999998,80299999999.99998,719
0,0,324,7399999.999999998,79399999999.99998,717
0,0,325,7349999.999999998,78699999999.99998,713
0,0,326,7229999.999999998,75499999999.99998,708
0,0,327,7229999.999999998,76899999999.99998,703
0,0,328,7139999.999999998,74599999999.99998,701
0,0,329,7159999.999999998,75599999999.99998,699
0,0,330,7119999.999999998,75999999999.99998,695
0,0,331,7109999.999999998,75499999999.99998,694
0,0,332,7089999.999999998,75499999999.99998,690
0,0,333,7009999.999999998,73699999999.99998,685
0,0,334,7019999.999999998,75199999999.99998,681
0,0,335,7059999.999999998,77599999999.99998,680
0,0,336,6899999.999999998,71999999999.99998,676
0,0,337,6919999.999999998,72999999999.99998,675
0,0,338,6899999.999999998,73199999999.99998,673
0,0,339,6869999.999999998,72299999999.99998,671
0,0,340,6859999.999999998,72199999999.99998,670
0,0,341,6819999.999999998,71999999999.99998,666
0,0,342,6789999.999999998,71499999999.99998,663
0,0,343,6719999.999999998,71199999999.99998,656
0,0,344,6649999.999999998,69899999999.99998,651
0,0,345,6649999.999999998,71699999999.99998,647
0,0,346,6559999.999999998,68199999999.99998,644
0,0,347,6539999.999999998,67799999999.99998,643
0,0,348,6529999.999999998,67699999999.99998,642
0,0,349,6509999.999999998,67899999999.99998,639
0,0,350,6489999.999999998,67299999999.99998,639
0,0,351,6499999.999999998,67999999999.99998,638
0,0,352,6429999.999999998,65899999999.99998,635
0,0,353,6439999.999999998,66199999999.99998,635
0,0,354,6439999.999999998,66599999999.99998,634
0,0,355,6459999.999999998,67399999999.99998,634
0,0,356,6379999.999999999,65799999999.99998,628
0,0,357,6419999.999999998,67599999999.99998,627
0,0,358,6409999.999999999,67099999999.99998,627
0,0,359,6369999.999999999,65899999999.99998,626
0,0,360,6379999.999999999,66399999999.99998,625
0,0,361,6359999.999999999,66599999999.99998,622
0,0,362,6399999.999999998,67999999999.99998,622
0,0,363,6369999.999999999,67499999999.99998,620
0,0,364,6339999.999999999,66799999999.99998,619
0,0,365,6389999.999999998,70299999999.99998,615
0,0,366,6329999.999999999,69099999999.99998,612
0,0,367,6349999.999999998,69699999999.99998,611
0,0,368,6279999.999999999,67999999999.99998,608
0,0,369,6199999.999999999,65799999999.99998,605
0,0,370,6099999.999999999,62799999999.99998,601
0,0,371,6129999.999999999,65499999999.99998,599
0,0,372,6059999.999999999,62599999999.99998,596
0,0,373,6069999.999999999,63699999999.99998,593
0,0,374,6039999.999999999,64599999999.99998,589
0,0,375,5959999.999999999,61399999999.99998,587
0,0,376,5949999.999999999,62099999999.99998,585
0,0,377,5889999.999999999,60499999999.99998,581
0,0,378,5889999.999999999,60899999999.99998,579
0,0,379,5849999.999999999,59899999999.99998,578
0,0,380,5829999.999999999,59899999999.99998,576
0,0,381,5779999.999999999,58599999999.99998,574
0,0,382,5809999.999999999,59899999999.99998,572
0,0,383,5769999.999999999,59299999999.99998,570
0,0,384,5739999.999999999,58599999999.99998,568
0,0,385,5719999.999999999,58799999999.99998,566
0,0,386,5719999.999999999,59599999999.99998,562
0,0,387,5639999.999999999,57599999999.99998,558
0,0,388,5649999.999999999,58499999999.99998,557
0,0,389,5619999.999999999,57199999999.99998,557
0,0,390,5629999.999999999,58099999999.99998,557
0,0,391,5599999.999999999,57399999999.99998,553
0,0,392,5569999.999999999,56899999999.99998,551
0,0,393,5569999.999999999,57499999999.99998,548
0,0,394,5529999.999999999,57299999999.99998,545
0,0,395,5469999.999999999,57099999999.99998,541
0,0,396,5399999.999999999,54399999999.99998,538
0,0,397,5399999.999999999,56599999999.99998,533
0,0,398,5339999.999999999,54199999999.99998,530
0,0,399,5309999.999999999,53699999999.99998,528
0,0,400,5319999.999999999,55199999999.99998,523
0,0,401,5269999.999999999,53499999999.99998,523
0,0,402,5319999.999999999,55399999999.99998,523
0,0,403,5299999.999999999,56399999999.99998,520
0,0,404,5329999.999999999,57899999999.99998,519
0,0,405,5229999.999999999,54099999999.99998,515
0,0,406,5199999.999999999,53199999999.99998,514
0,0,407,5199999.999999999,53799999999.99998,512
0,0,408,5179999.999999999,53599999999.99998,510
0,0,409,5189999.999999999,53899999999.99998,509
0,0,410,5159999.999999999,53999999999.99998,505
0,0,411,5149999.999999999,53699999999.99998,505
0,0,412,5109999.999999999,52499999999.99998,504
0,0,413,5089999.999999999,52499999999.99998,501
0,0,414,5039999.999999999,51399999999.99998,499
0,0,415,5039999.999999999,51999999999.99998,496
0,0,416,4999999.999999999,51199999999.99998,494
0,0,417,4999999.999999999,51199999999.99998,494
0,0,418,4979999.999999999,51399999999.99998,490
0,0,419,4999999.999999999,52999999999.99998,489
0,0,420,4919999.999999999,50399999999.99998,486
0,0,421,4909999.999999999,50299999999.99998,485
0,0,422,4939999.999999999,51399999999.99998,485
0,0,423,4869999.999999999,49499999999.99998,483
0,0,424,4849999.999999999,49899999999.99998,481
0,0,425,4829999.999999999,49899999999.99998,477
0,0,426,4839999.999999999,51599999999.99998,474
0,0,427,4779999.999999999,50799999999.99998,470
0,0,428,4769999.999999999,50099999999.99998,468
0,0,429,4729999.999999999,49099999999.99998,467
0,0,430,4729999.999999999,50899999999.99998,465
0,0,431,4759999.999999999,50599999999.99998,465
0,0,432,4709999.999999999,49299999999.99998,463
0,0,433,4669999.999999999,48099999999.99998,461
0,0,434,4669999.999999999,49299999999.99998,457
0,0,435,4679999.999999999,49799999999.99998,456
0,0,436,4639999.999999999,48999999999.99998,455
0,0,437,4599999.999999999,46999999999.99998,455
0,0,438,4609999.999999999,47699999999.99998,454
0,0,439,4619999.999999999,48799999999.99998,453
0,0,440,4569999.999999999,46499999999.99998,453
0,0,441,4579999.999999999,47199999999.99998,451
0,0,442,4599999.999999999,48199999999.99998,450
0,0,443,4579999.999999999,47399999999.99998,450
0,0,444,4589999.999999999,48299999999.99998,449
0,0,445,4559999.999999999,47599999999.99998,447
0,0,446,4529999.999999999,46899999999.99998,445
0,0,447,4509999.999999999,46499999999.99998,444
0,0,448,4499999.999999999,47399999999.99998,440
0,0,449,4449999.999999999,46099999999.99998,437
0,0,450,4449999.999999999,46499999999.99998,435
0,0,451,4439999.999999999,46399999999.99998,435
0,0,452,4409999.999999999,45699999999.99998,433
0,0,453,4369999.999999999,44699999999.99998,432
0,0,454,4319999.999999999,44199999999.99998,427
0,0,455,4339999.999999999,44999999999.99998,427
0,0,456,4319999.999999999,44399999999.99998,426
0,0,457,4319999.999999999,44799999999.99998,425
0,0,458,4289999.999999999,43899999999.99998,424
0,0,459,4269999.999999999,43699999999.99998,422
0,0,460,4219999.999999999,42999999999.99998,418
0,0,461,4259999.999999999,44399999999.99998,418
0,0,462,4289999.999999999,45499999999.99998,418
0,0,463,4249999.999999999,45099999999.99998,415
0,0,464,4209999.999999999,43899999999.99998,413
0,0,465,4179999.999999999,43199999999.99998,411
0,0,466,4199999.999999999,43799999999.99998,411
0,0,467,4149999.999999999,42499999999.99998,410
0,0,468,4129999.999999999,42299999999.99998,408
0,0,469,4119999.999999999,42199999999.99998,407
0,0,470,4109999.999999999,42299999999.99998,405
0,0,471,4089999.999999999,42299999999.99998,402
0,0,472,4079999.999999999,42599999999.99998,400
0,0,473,4039999.999999999,41799999999.99999,397
0,0,474,4019999.999999999,41399999999.99999,396
0,0,475,4009999.999999999,41699999999.99998,393
0,0,476,3979999.999999999,40799999999.99999,393
0,0,477,3969999.999999999,41099999999.99998,391
0,0,478,3919999.999999999,40199999999.99998,388
0,0,479,3909999.999999999,39899999999.99999,387
0,0,480,3929999.999999999,41899999999.99998,386
0,0,481,3879999.999999999,39599999999.99999,385
0,0,482,3829999.999999999,38699999999.99999,381
0,0,483,3839999.999999999,38999999999.99999,381
0,0,484,3869999.999999999,40299999999.99999,381
0,0,485,3819999.999999999,38599999999.99999,380
0,0,486,3829999.999999999,39099999999.99999,379
0,0,487,3789999.999999999,38499999999.99999,376
0,0,488,3839999.999999999,40599999999.99998,375
0,0,489,3749999.999999999,38499999999.99999,370
0,0,490,3709999.999999999,38099999999.99999,367
0,0,491,3689999.999999999,37499999999.99999,366
0,0,492,3709999.999999999,38299999999.99999,366
0,0,493,3699999.999999999,37799999999.99999,366
0,0,494,3679999.999999999,37799999999.99999,364
0,0,495,3639999.999999999,36799999999.99999,362
0,0,496,3639999.999999999,36999999999.99999,361
0,0,497,3599999.999999999,36399999999.99999,358
0,0,498,3609999.999999999,36699999999.99999,358
0,0,499,3599999.999999999,36799999999.99999,356
